0 0.94091797 0.04003906 0.11621094 0.06054688
0 0.77001953 0.20410156 0.12011719 0.07421875
0 0.72949219 0.30371094 0.07617188 0.07421875
0 0.51074219 0.29052734 0.08984375 0.04980469
0 0.30078125 0.43603516 0.07812500 0.05761719
0 0.49755859 0.46728516 0.10058594 0.05175781
0 0.28125000 0.63281250 0.09765625 0.07031250
0 0.28173828 0.74951172 0.07910156 0.05566406
0 0.29492188 0.84667969 0.07031250 0.05664062
0 0.06298828 0.90917969 0.07128906 0.05664062
0 0.06201172 0.96240234 0.07128906 0.07324219
