0 0.04248047 0.14746094 0.08496094 0.29492188
0 0.77978516 0.03076172 0.30761719 0.06152344
0 0.62597656 0.22412109 0.18359375 0.13964844
0 0.65185547 0.30468750 0.07324219 0.03515625
0 0.52587891 0.42724609 0.28417969 0.24121094
0 0.75732422 0.50585938 0.14941406 0.13671875
0 0.26269531 0.58251953 0.52539062 0.20996094
0 0.58203125 0.59863281 0.20117188 0.17578125
0 0.14453125 0.80224609 0.28906250 0.16699219
0 0.49902344 0.77148438 0.35937500 0.15234375
0 0.69335938 0.69433594 0.12109375 0.15429688
0 0.85400391 0.79492188 0.13964844 0.14062500
